State,E.C. Votes,GDP,Population,N.H.W. Percentage
AL,9,204235,4858979,65.5
AK,3,52804,738432,60.6
AZ,11,290578,6828065,54.7
AR,6,123207,2978204,72.3
CA,55,2458535,39144818,37.0
CO,9,314878,5456574,68.2
CT,7,258532,3590886,66.7
DE,3,68071,945934,62.2
DC,3,122510,672228,36.5
FL,29,882798,20271272,53.8
GA,16,495727,10214860,52.6
HI,4,79745,1431603,21.8
ID,4,65242,1654930,82.0
IL,20,775007,12859995,61.2
IN,11,336411,6619680,79.2
IA,6,174103,3123899,85.9
KS,6,147765,2911641,75.9
KY,8,194643,4425092,84.6
LA,8,243317,4670724,58.5
ME,4,56600,1329328,93.4
MD,10,363845,6006401,50.7
MA,11,476743,6794422,71.5
MI,16,466536,9922576,75.0
MN,10,333267,5489594,79.9
MS,6,107100,2992333,56.6
MO,10,293378,6083672,79.4
MT,3,45933,1032949,86.3
NE,5,113998,1896190,79.0
NV,6,141282,2890845,48.8
NH,4,72573,1330608,90.3
NJ,14,568155,8958013,54.8
NM,5,92231,2085109,37.4
NY,29,1441003,19795791,55.1
NC,15,499449,10042802,63.0
ND,3,54830,756927,84.4
OH,18,608109,11613423,78.9
OK,7,180425,3911338,65.6
OR,7,215331,4028977,75.6
PA,20,689173,12802503,76.4
RI,4,57049,1056298,72.1
SC,9,198714,4896146,63.6
SD,3,46674,858469,82.3
TN,11,314191,6600299,73.9
TX,38,1586468,27469114,41.9
UT,6,147108,2995919,78.3
VT,3,30401,626042,92.8
VA,13,479809,8382993,61.7
WA,12,443665,7170351,68.6
WV,5,73741,1844128,92.0
WI,10,305795,5771337,81.2
WY,3,38624,586107,84.0